ROCKTYPES 2
I II
MODES 2
A 250 0.65 0.35
B 200 0.45 0.55
TIME 1000000
BLOCKS 20
1 II 15375 6959186.7630 6905374.2630
2 I 15375 4208146.1910 4154333.6910
3 II 15375 4563999.5070 4510187.0070
4 I 15375 4803526.5150 4749714.0150
5 I 15375 3585392.5350 3531580.0350
6 II 15375 4509252.8430 4455440.3430
7 I 15375 4112339.5290 4058527.0290
8 I 15375 3455369.2080 3401556.7080
9 II 15375 4488722.8440 4434910.3440
10 I 15375 2360425.5750 2306613.0750
11 I 15375 2353582.2420 2299769.7420
12 II 15375 3174792.5550 3120980.0550
13 I 15375 2120908.9200 2067096.4200
14 I 15375 6486996.7860 6433184.2860
15 I 15375 7725650.4120 7671837.9120
16 I 15375 10736747.9910 10682935.4910
17 I 15375 11612704.9680 11558892.4680
18 I 15375 9149074.0290 9095261.5290
19 I 15375 3147419.2230 3093606.7230
20 I 15375 3592235.8680 3538423.3680
