ROCKTYPES 2
I II
MODES 2
A 250 0.65 0.35
B 200 0.45 0.55
TIME 1000000
BLOCKS 100
1 I 15375 11612704.967999998 11558892.467999998
2 II 15375 11599007.949 11545195.449
3 II 15375 11325274.629 11271462.129
4 II 15375 11126817.972 11073005.472
5 I 15375 10736747.990999999 10682935.490999999
6 II 15375 10531448.001 10477635.501
7 II 15375 10510918.002 10457105.502
8 II 15375 10182427.665 10128615.165
9 I 15375 10155054.333 10101241.833
10 I 15375 10148211 10094398.5
11 I 15375 10066091.004 10012278.504
12 I 15375 9956597.676 9902785.176
13 I 15375 9703394.355 9649581.855
14 I 15375 9696551.022 9642738.522
15 I 15375 9689707.689 9635895.189
16 I 15375 9662334.357 9608521.857
17 II 15375 9621274.359000001 9567461.859000001
18 I 15375 9470721.033 9416908.533
19 I 15375 9388601.037 9334788.537
20 I 15375 9354384.372 9300571.872
21 I 15375 9149074.029000001 9095261.529000001
22 II 15375 9087484.032000002 9033671.532000002
23 I 15375 9053267.367 8999454.867
24 II 15375 9032737.367999999 8978924.867999999
25 II 15375 9005364.036 8951551.536
26 I 15375 8930087.373 8876274.873
27 I 15375 8834280.711000001 8780468.211000001
28 I 15375 8793220.713 8739408.213
29 II 15375 8752160.715 8698348.215
30 I 15375 8608450.722 8554638.222
31 I 15375 8581077.39 8527264.89
32 I 15375 8492114.061 8438301.561
33 II 15375 8471584.062 8417771.562
34 I 15375 8471584.062 8417771.562
35 II 15375 8416837.398 8363024.898
36 I 15375 8252597.406000001 8198784.906000001
37 II 15375 8184153.723000001 8130341.223000001
38 I 15375 8149937.058 8096124.558
39 II 15375 8129407.0589999985 8075594.5589999985
40 II 15375 8108877.0600000005 8055064.5600000005
41 II 15375 8060973.729 8007161.229
42 I 15375 8054130.395999999 8000317.895999999
43 I 15375 7985697.066000001 7931884.566000001
44 I 15375 7985697.066000001 7931884.566000001
45 I 15375 7978853.733 7925041.233
46 II 15375 7965167.067 7911354.567
47 I 15375 7937793.735 7883981.235
48 I 15375 7889890.404000001 7836077.904000001
49 I 15375 7869360.405 7815547.905
50 II 15375 7794083.742 7740271.242
51 I 15375 7794083.742 7740271.242
52 I 15375 7725650.412 7671837.912
53 I 15375 7691433.7469999995 7637621.2469999995
54 II 15375 7677747.081 7623934.581
55 I 15375 7677747.081 7623934.581
56 I 15375 7670903.748000001 7617091.248000001
57 II 15375 7636687.083000001 7582874.583000001
58 II 15375 7629843.75 7576031.25
59 II 15375 7629843.75 7576031.25
60 I 15375 7623000.416999999 7569187.916999999
61 I 15375 7588783.751999999 7534971.251999999
62 II 15375 7561410.42 7507597.92
63 II 15375 7547723.754000001 7493911.254000001
64 II 15375 7527193.755 7473381.255
65 I 15375 7492977.09 7439164.59
66 I 15375 7486133.756999999 7432321.256999999
67 II 15375 7479290.424 7425477.924
68 I 15375 7465603.758 7411791.258
69 II 15375 7349267.097 7295454.597
70 I 15375 7328737.098 7274924.598
71 II 15375 7294520.433 7240707.933
72 II 15375 7226087.103 7172274.603
73 II 15375 7226087.103 7172274.603
74 II 15375 7157653.773 7103841.273
75 II 15375 7150810.44 7096997.94
76 I 15375 7137123.773999999 7083311.273999999
77 II 15375 7102907.108999999 7049094.608999999
78 I 15375 7102907.108999999 7049094.608999999
79 I 15375 7041306.759 6987494.259
80 II 15375 7034463.426000001 6980650.926000001
81 II 15375 6959186.763 6905374.263
82 I 15375 6952343.43 6898530.93
83 I 15375 6945500.097 6891687.597
84 II 15375 6897596.766000001 6843784.266000001
85 II 15375 6883910.1 6830097.6
86 I 15375 6877066.767 6823254.267
87 I 15375 6849693.435 6795880.935
88 I 15375 6842850.102000001 6789037.602000001
89 I 15375 6815476.77 6761664.27
90 II 15375 6808633.437 6754820.937
91 I 15375 6794946.771 6741134.271
92 II 15375 6794946.771 6741134.271
93 II 15375 6781260.1049999995 6727447.6049999995
94 II 15375 6719670.107999999 6665857.607999999
95 II 15375 6712826.775 6659014.275
96 I 15375 6705983.442000001 6652170.942000001
97 I 15375 6692296.776 6638484.276
98 II 15375 6678610.11 6624797.61
99 II 15375 6678610.11 6624797.61
100 I 15375 6671766.777000001 6617954.277000001
