ROCKTYPES 2
I II
MODES 2
A 250 0.65 0.35
B 200 0.45 0.55
TIME 1000000
BLOCKS 50
1 I 15375 11612704.967999998 11558892.467999998
2 II 15375 11599007.949 11545195.449
3 II 15375 11325274.629 11271462.129
4 II 15375 11126817.972 11073005.472
5 I 15375 10736747.990999999 10682935.490999999
6 II 15375 10531448.001 10477635.501
7 II 15375 10510918.002 10457105.502
8 II 15375 10182427.665 10128615.165
9 I 15375 10155054.333 10101241.833
10 I 15375 10148211 10094398.5
11 I 15375 10066091.004 10012278.504
12 I 15375 9956597.676 9902785.176
13 I 15375 9703394.355 9649581.855
14 I 15375 9696551.022 9642738.522
15 I 15375 9689707.689 9635895.189
16 I 15375 9662334.357 9608521.857
17 II 15375 9621274.359000001 9567461.859000001
18 I 15375 9470721.033 9416908.533
19 I 15375 9388601.037 9334788.537
20 I 15375 9354384.372 9300571.872
21 I 15375 9149074.029000001 9095261.529000001
22 II 15375 9087484.032000002 9033671.532000002
23 I 15375 9053267.367 8999454.867
24 II 15375 9032737.367999999 8978924.867999999
25 II 15375 9005364.036 8951551.536
26 I 15375 8930087.373 8876274.873
27 I 15375 8834280.711000001 8780468.211000001
28 I 15375 8793220.713 8739408.213
29 II 15375 8752160.715 8698348.215
30 I 15375 8608450.722 8554638.222
31 I 15375 8581077.39 8527264.89
32 I 15375 8492114.061 8438301.561
33 II 15375 8471584.062 8417771.562
34 I 15375 8471584.062 8417771.562
35 II 15375 8416837.398 8363024.898
36 I 15375 8252597.406000001 8198784.906000001
37 II 15375 8184153.723000001 8130341.223000001
38 I 15375 8149937.058 8096124.558
39 II 15375 8129407.0589999985 8075594.5589999985
40 II 15375 8108877.0600000005 8055064.5600000005
41 II 15375 8060973.729 8007161.229
42 I 15375 8054130.395999999 8000317.895999999
43 I 15375 7985697.066000001 7931884.566000001
44 I 15375 7985697.066000001 7931884.566000001
45 I 15375 7978853.733 7925041.233
46 II 15375 7965167.067 7911354.567
47 I 15375 7937793.735 7883981.235
48 I 15375 7889890.404000001 7836077.904000001
49 I 15375 7869360.405 7815547.905
50 II 15375 7794083.742 7740271.242
