ROCKTYPES 2
I II
MODES 2
A 250 0.65 0.35
B 200 0.45 0.55
TIME 1000000
BLOCKS 200
1 I 15375 11612704.967999998 11558892.467999998
2 II 15375 11599007.949 11545195.449
3 II 15375 11325274.629 11271462.129
4 II 15375 11126817.972 11073005.472
5 I 15375 10736747.990999999 10682935.490999999
6 II 15375 10531448.001 10477635.501
7 II 15375 10510918.002 10457105.502
8 II 15375 10182427.665 10128615.165
9 I 15375 10155054.333 10101241.833
10 I 15375 10148211 10094398.5
11 I 15375 10066091.004 10012278.504
12 I 15375 9956597.676 9902785.176
13 I 15375 9703394.355 9649581.855
14 I 15375 9696551.022 9642738.522
15 I 15375 9689707.689 9635895.189
16 I 15375 9662334.357 9608521.857
17 II 15375 9621274.359000001 9567461.859000001
18 I 15375 9470721.033 9416908.533
19 I 15375 9388601.037 9334788.537
20 I 15375 9354384.372 9300571.872
21 I 15375 9149074.029000001 9095261.529000001
22 II 15375 9087484.032000002 9033671.532000002
23 I 15375 9053267.367 8999454.867
24 II 15375 9032737.367999999 8978924.867999999
25 II 15375 9005364.036 8951551.536
26 I 15375 8930087.373 8876274.873
27 I 15375 8834280.711000001 8780468.211000001
28 I 15375 8793220.713 8739408.213
29 II 15375 8752160.715 8698348.215
30 I 15375 8608450.722 8554638.222
31 I 15375 8581077.39 8527264.89
32 I 15375 8492114.061 8438301.561
33 II 15375 8471584.062 8417771.562
34 I 15375 8471584.062 8417771.562
35 II 15375 8416837.398 8363024.898
36 I 15375 8252597.406000001 8198784.906000001
37 II 15375 8184153.723000001 8130341.223000001
38 I 15375 8149937.058 8096124.558
39 II 15375 8129407.0589999985 8075594.5589999985
40 II 15375 8108877.0600000005 8055064.5600000005
41 II 15375 8060973.729 8007161.229
42 I 15375 8054130.395999999 8000317.895999999
43 I 15375 7985697.066000001 7931884.566000001
44 I 15375 7985697.066000001 7931884.566000001
45 I 15375 7978853.733 7925041.233
46 II 15375 7965167.067 7911354.567
47 I 15375 7937793.735 7883981.235
48 I 15375 7889890.404000001 7836077.904000001
49 I 15375 7869360.405 7815547.905
50 II 15375 7794083.742 7740271.242
51 I 15375 7794083.742 7740271.242
52 I 15375 7725650.412 7671837.912
53 I 15375 7691433.7469999995 7637621.2469999995
54 II 15375 7677747.081 7623934.581
55 I 15375 7677747.081 7623934.581
56 I 15375 7670903.748000001 7617091.248000001
57 II 15375 7636687.083000001 7582874.583000001
58 II 15375 7629843.75 7576031.25
59 II 15375 7629843.75 7576031.25
60 I 15375 7623000.416999999 7569187.916999999
61 I 15375 7588783.751999999 7534971.251999999
62 II 15375 7561410.42 7507597.92
63 II 15375 7547723.754000001 7493911.254000001
64 II 15375 7527193.755 7473381.255
65 I 15375 7492977.09 7439164.59
66 I 15375 7486133.756999999 7432321.256999999
67 II 15375 7479290.424 7425477.924
68 I 15375 7465603.758 7411791.258
69 II 15375 7349267.097 7295454.597
70 I 15375 7328737.098 7274924.598
71 II 15375 7294520.433 7240707.933
72 II 15375 7226087.103 7172274.603
73 II 15375 7226087.103 7172274.603
74 II 15375 7157653.773 7103841.273
75 II 15375 7150810.44 7096997.94
76 I 15375 7137123.773999999 7083311.273999999
77 II 15375 7102907.108999999 7049094.608999999
78 I 15375 7102907.108999999 7049094.608999999
79 I 15375 7041306.759 6987494.259
80 II 15375 7034463.426000001 6980650.926000001
81 II 15375 6959186.763 6905374.263
82 I 15375 6952343.43 6898530.93
83 I 15375 6945500.097 6891687.597
84 II 15375 6897596.766000001 6843784.266000001
85 II 15375 6883910.1 6830097.6
86 I 15375 6877066.767 6823254.267
87 I 15375 6849693.435 6795880.935
88 I 15375 6842850.102000001 6789037.602000001
89 I 15375 6815476.77 6761664.27
90 II 15375 6808633.437 6754820.937
91 I 15375 6794946.771 6741134.271
92 II 15375 6794946.771 6741134.271
93 II 15375 6781260.1049999995 6727447.6049999995
94 II 15375 6719670.107999999 6665857.607999999
95 II 15375 6712826.775 6659014.275
96 I 15375 6705983.442000001 6652170.942000001
97 I 15375 6692296.776 6638484.276
98 II 15375 6678610.11 6624797.61
99 II 15375 6678610.11 6624797.61
100 I 15375 6671766.777000001 6617954.277000001
101 I 15375 6671766.777000001 6617954.277000001
102 I 15375 6658080.111 6604267.611
103 I 15375 6658080.111 6604267.611
104 II 15375 6644393.445 6590580.945
105 I 15375 6630706.779 6576894.279
106 II 15375 6623863.4459999995 6570050.9459999995
107 II 15375 6610176.78 6556364.28
108 II 15375 6603333.447 6549520.947
109 II 15375 6603333.447 6549520.947
110 II 15375 6555430.116 6501617.616
111 I 15375 6514370.118000001 6460557.618000001
112 I 15375 6493840.118999999 6440027.618999999
113 I 15375 6486996.785999999 6433184.285999999
114 I 15375 6459623.454 6405810.954
115 I 15375 6445936.788000001 6392124.288000001
116 II 15375 6425406.789 6371594.289
117 I 15375 6418563.456 6364750.956
118 I 15375 6411720.123 6357907.623
119 I 15375 6391190.124 6337377.624
120 I 15375 6377503.458 6323690.958
121 I 15375 6363816.792 6310004.292
122 II 15375 6336443.46 6282630.96
123 I 15375 6336443.46 6282630.96
124 II 15375 6329600.127 6275787.627
125 II 15375 6322756.794 6268944.294
126 I 15375 6302226.795 6248414.295
127 II 15375 6281696.796 6227884.296
128 II 15375 6261166.796999999 6207354.296999999
129 II 15375 6240636.7979999995 6186824.2979999995
130 I 15375 6185890.134 6132077.634
131 I 15375 6179046.801 6125234.301
132 I 15375 6172203.468 6118390.968
133 I 15375 6158516.802 6104704.302
134 II 15375 6144830.136 6091017.636
135 I 15375 6131143.47 6077330.97
136 I 15375 6096926.805 6043114.305
137 I 15375 6090083.472 6036270.972
138 II 15375 6055866.807 6002054.307
139 I 15375 6035336.807999999 5981524.307999999
140 I 15375 6028493.475 5974680.975
141 II 15375 6014806.808999999 5960994.308999999
142 II 15375 6007963.476 5954150.976
143 II 15375 5987433.477000001 5933620.977000001
144 II 15375 5973746.811 5919934.311
145 II 15375 5966903.478 5913090.978
146 II 15375 5932686.813 5878874.313
147 II 15375 5912146.461 5858333.961
148 II 15375 5891616.461999999 5837803.961999999
149 I 15375 5884773.129 5830960.629
150 I 15375 5871086.463 5817273.963
151 I 15375 5864243.13 5810430.63
152 II 15375 5864243.13 5810430.63
153 II 15375 5843713.131000001 5789900.631000001
154 II 15375 5843713.131000001 5789900.631000001
155 I 15375 5836869.7979999995 5783057.2979999995
156 I 15375 5823183.131999999 5769370.631999999
157 II 15375 5816339.799000001 5762527.299000001
158 II 15375 5802653.132999999 5748840.632999999
159 I 15375 5795809.8 5741997.3
160 I 15375 5788966.467 5735153.967
161 I 15375 5768436.468 5714623.968
162 I 15375 5768436.468 5714623.968
163 I 15375 5761593.135 5707780.635
164 II 15375 5741063.136 5687250.636
165 I 15375 5734219.803 5680407.303
166 II 15375 5713689.8040000005 5659877.3040000005
167 II 15375 5631569.807999999 5577757.307999999
168 I 15375 5624726.475 5570913.975
169 I 15375 5597353.143 5543540.643
170 II 15375 5597353.143 5543540.643
171 II 15375 5590509.81 5536697.31
172 I 15375 5576823.143999999 5523010.643999999
173 I 15375 5576823.143999999 5523010.643999999
174 II 15375 5542606.479 5488793.979
175 I 15375 5535763.146 5481950.646
176 I 15375 5522076.4799999995 5468263.9799999995
177 I 15375 5515233.147 5461420.647
178 II 15375 5515233.147 5461420.647
179 II 15375 5508389.814 5454577.314
180 II 15375 5494703.147999999 5440890.647999999
181 I 15375 5487859.815 5434047.315
182 I 15375 5453643.15 5399830.65
183 II 15375 5439956.483999999 5386143.983999999
184 II 15375 5439956.483999999 5386143.983999999
185 II 15375 5433113.151 5379300.651
186 II 15375 5433113.151 5379300.651
187 II 15375 5419426.485 5365613.985
188 I 15375 5405739.818999999 5351927.318999999
189 I 15375 5405739.818999999 5351927.318999999
190 II 15375 5392053.153 5338240.653
191 I 15375 5357836.488 5304023.988
192 I 15375 5344149.822 5290337.322
193 I 15375 5337306.489 5283493.989
194 I 15375 5330463.156 5276650.656
195 II 15375 5316776.49 5262963.99
196 I 15375 5309933.157 5256120.657
197 I 15375 5309933.157 5256120.657
198 II 15375 5296246.491 5242433.991
199 I 15375 5296246.491 5242433.991
200 I 15375 5282559.825 5228747.325
