ROCKTYPES 2
I II
MODES 2
A 250 0.65 0.35
B 200 0.45 0.55
TIME 1000000
BLOCKS 500
1 I 15375 11612704.967999998 11558892.467999998
2 II 15375 11599007.949 11545195.449
3 II 15375 11325274.629 11271462.129
4 II 15375 11126817.972 11073005.472
5 I 15375 10736747.990999999 10682935.490999999
6 II 15375 10531448.001 10477635.501
7 II 15375 10510918.002 10457105.502
8 II 15375 10182427.665 10128615.165
9 I 15375 10155054.333 10101241.833
10 I 15375 10148211 10094398.5
11 I 15375 10066091.004 10012278.504
12 I 15375 9956597.676 9902785.176
13 I 15375 9703394.355 9649581.855
14 I 15375 9696551.022 9642738.522
15 I 15375 9689707.689 9635895.189
16 I 15375 9662334.357 9608521.857
17 II 15375 9621274.359000001 9567461.859000001
18 I 15375 9470721.033 9416908.533
19 I 15375 9388601.037 9334788.537
20 I 15375 9354384.372 9300571.872
21 I 15375 9149074.029000001 9095261.529000001
22 II 15375 9087484.032000002 9033671.532000002
23 I 15375 9053267.367 8999454.867
24 II 15375 9032737.367999999 8978924.867999999
25 II 15375 9005364.036 8951551.536
26 I 15375 8930087.373 8876274.873
27 I 15375 8834280.711000001 8780468.211000001
28 I 15375 8793220.713 8739408.213
29 II 15375 8752160.715 8698348.215
30 I 15375 8608450.722 8554638.222
31 I 15375 8581077.39 8527264.89
32 I 15375 8492114.061 8438301.561
33 II 15375 8471584.062 8417771.562
34 I 15375 8471584.062 8417771.562
35 II 15375 8416837.398 8363024.898
36 I 15375 8252597.406000001 8198784.906000001
37 II 15375 8184153.723000001 8130341.223000001
38 I 15375 8149937.058 8096124.558
39 II 15375 8129407.0589999985 8075594.5589999985
40 II 15375 8108877.0600000005 8055064.5600000005
41 II 15375 8060973.729 8007161.229
42 I 15375 8054130.395999999 8000317.895999999
43 I 15375 7985697.066000001 7931884.566000001
44 I 15375 7985697.066000001 7931884.566000001
45 I 15375 7978853.733 7925041.233
46 II 15375 7965167.067 7911354.567
47 I 15375 7937793.735 7883981.235
48 I 15375 7889890.404000001 7836077.904000001
49 I 15375 7869360.405 7815547.905
50 II 15375 7794083.742 7740271.242
51 I 15375 7794083.742 7740271.242
52 I 15375 7725650.412 7671837.912
53 I 15375 7691433.7469999995 7637621.2469999995
54 II 15375 7677747.081 7623934.581
55 I 15375 7677747.081 7623934.581
56 I 15375 7670903.748000001 7617091.248000001
57 II 15375 7636687.083000001 7582874.583000001
58 II 15375 7629843.75 7576031.25
59 II 15375 7629843.75 7576031.25
60 I 15375 7623000.416999999 7569187.916999999
61 I 15375 7588783.751999999 7534971.251999999
62 II 15375 7561410.42 7507597.92
63 II 15375 7547723.754000001 7493911.254000001
64 II 15375 7527193.755 7473381.255
65 I 15375 7492977.09 7439164.59
66 I 15375 7486133.756999999 7432321.256999999
67 II 15375 7479290.424 7425477.924
68 I 15375 7465603.758 7411791.258
69 II 15375 7349267.097 7295454.597
70 I 15375 7328737.098 7274924.598
71 II 15375 7294520.433 7240707.933
72 II 15375 7226087.103 7172274.603
73 II 15375 7226087.103 7172274.603
74 II 15375 7157653.773 7103841.273
75 II 15375 7150810.44 7096997.94
76 I 15375 7137123.773999999 7083311.273999999
77 II 15375 7102907.108999999 7049094.608999999
78 I 15375 7102907.108999999 7049094.608999999
79 I 15375 7041306.759 6987494.259
80 II 15375 7034463.426000001 6980650.926000001
81 II 15375 6959186.763 6905374.263
82 I 15375 6952343.43 6898530.93
83 I 15375 6945500.097 6891687.597
84 II 15375 6897596.766000001 6843784.266000001
85 II 15375 6883910.1 6830097.6
86 I 15375 6877066.767 6823254.267
87 I 15375 6849693.435 6795880.935
88 I 15375 6842850.102000001 6789037.602000001
89 I 15375 6815476.77 6761664.27
90 II 15375 6808633.437 6754820.937
91 I 15375 6794946.771 6741134.271
92 II 15375 6794946.771 6741134.271
93 II 15375 6781260.1049999995 6727447.6049999995
94 II 15375 6719670.107999999 6665857.607999999
95 II 15375 6712826.775 6659014.275
96 I 15375 6705983.442000001 6652170.942000001
97 I 15375 6692296.776 6638484.276
98 II 15375 6678610.11 6624797.61
99 II 15375 6678610.11 6624797.61
100 I 15375 6671766.777000001 6617954.277000001
101 I 15375 6671766.777000001 6617954.277000001
102 I 15375 6658080.111 6604267.611
103 I 15375 6658080.111 6604267.611
104 II 15375 6644393.445 6590580.945
105 I 15375 6630706.779 6576894.279
106 II 15375 6623863.4459999995 6570050.9459999995
107 II 15375 6610176.78 6556364.28
108 II 15375 6603333.447 6549520.947
109 II 15375 6603333.447 6549520.947
110 II 15375 6555430.116 6501617.616
111 I 15375 6514370.118000001 6460557.618000001
112 I 15375 6493840.118999999 6440027.618999999
113 I 15375 6486996.785999999 6433184.285999999
114 I 15375 6459623.454 6405810.954
115 I 15375 6445936.788000001 6392124.288000001
116 II 15375 6425406.789 6371594.289
117 I 15375 6418563.456 6364750.956
118 I 15375 6411720.123 6357907.623
119 I 15375 6391190.124 6337377.624
120 I 15375 6377503.458 6323690.958
121 I 15375 6363816.792 6310004.292
122 II 15375 6336443.46 6282630.96
123 I 15375 6336443.46 6282630.96
124 II 15375 6329600.127 6275787.627
125 II 15375 6322756.794 6268944.294
126 I 15375 6302226.795 6248414.295
127 II 15375 6281696.796 6227884.296
128 II 15375 6261166.796999999 6207354.296999999
129 II 15375 6240636.7979999995 6186824.2979999995
130 I 15375 6185890.134 6132077.634
131 I 15375 6179046.801 6125234.301
132 I 15375 6172203.468 6118390.968
133 I 15375 6158516.802 6104704.302
134 II 15375 6144830.136 6091017.636
135 I 15375 6131143.47 6077330.97
136 I 15375 6096926.805 6043114.305
137 I 15375 6090083.472 6036270.972
138 II 15375 6055866.807 6002054.307
139 I 15375 6035336.807999999 5981524.307999999
140 I 15375 6028493.475 5974680.975
141 II 15375 6014806.808999999 5960994.308999999
142 II 15375 6007963.476 5954150.976
143 II 15375 5987433.477000001 5933620.977000001
144 II 15375 5973746.811 5919934.311
145 II 15375 5966903.478 5913090.978
146 II 15375 5932686.813 5878874.313
147 II 15375 5912146.461 5858333.961
148 II 15375 5891616.461999999 5837803.961999999
149 I 15375 5884773.129 5830960.629
150 I 15375 5871086.463 5817273.963
151 I 15375 5864243.13 5810430.63
152 II 15375 5864243.13 5810430.63
153 II 15375 5843713.131000001 5789900.631000001
154 II 15375 5843713.131000001 5789900.631000001
155 I 15375 5836869.7979999995 5783057.2979999995
156 I 15375 5823183.131999999 5769370.631999999
157 II 15375 5816339.799000001 5762527.299000001
158 II 15375 5802653.132999999 5748840.632999999
159 I 15375 5795809.8 5741997.3
160 I 15375 5788966.467 5735153.967
161 I 15375 5768436.468 5714623.968
162 I 15375 5768436.468 5714623.968
163 I 15375 5761593.135 5707780.635
164 II 15375 5741063.136 5687250.636
165 I 15375 5734219.803 5680407.303
166 II 15375 5713689.8040000005 5659877.3040000005
167 II 15375 5631569.807999999 5577757.307999999
168 I 15375 5624726.475 5570913.975
169 I 15375 5597353.143 5543540.643
170 II 15375 5597353.143 5543540.643
171 II 15375 5590509.81 5536697.31
172 I 15375 5576823.143999999 5523010.643999999
173 I 15375 5576823.143999999 5523010.643999999
174 II 15375 5542606.479 5488793.979
175 I 15375 5535763.146 5481950.646
176 I 15375 5522076.4799999995 5468263.9799999995
177 I 15375 5515233.147 5461420.647
178 II 15375 5515233.147 5461420.647
179 II 15375 5508389.814 5454577.314
180 II 15375 5494703.147999999 5440890.647999999
181 I 15375 5487859.815 5434047.315
182 I 15375 5453643.15 5399830.65
183 II 15375 5439956.483999999 5386143.983999999
184 II 15375 5439956.483999999 5386143.983999999
185 II 15375 5433113.151 5379300.651
186 II 15375 5433113.151 5379300.651
187 II 15375 5419426.485 5365613.985
188 I 15375 5405739.818999999 5351927.318999999
189 I 15375 5405739.818999999 5351927.318999999
190 II 15375 5392053.153 5338240.653
191 I 15375 5357836.488 5304023.988
192 I 15375 5344149.822 5290337.322
193 I 15375 5337306.489 5283493.989
194 I 15375 5330463.156 5276650.656
195 II 15375 5316776.49 5262963.99
196 I 15375 5309933.157 5256120.657
197 I 15375 5309933.157 5256120.657
198 II 15375 5296246.491 5242433.991
199 I 15375 5296246.491 5242433.991
200 I 15375 5282559.825 5228747.325
201 II 15375 5262029.825999999 5208217.325999999
202 II 15375 5262029.825999999 5208217.325999999
203 II 15375 5262029.825999999 5208217.325999999
204 I 15375 5234656.493999999 5180843.993999999
205 I 15375 5220969.828000001 5167157.328000001
206 II 15375 5207283.162 5153470.662
207 II 15375 5193596.495999999 5139783.995999999
208 II 15375 5173066.4969999995 5119253.9969999995
209 II 15375 5159379.831 5105567.331
210 II 15375 5152536.498 5098723.998
211 II 15375 5145693.165 5091880.665
212 I 15375 5138849.8319999995 5085037.3319999995
213 II 15375 5138849.8319999995 5085037.3319999995
214 II 15375 5118319.833 5064507.333
215 II 15375 5104633.167 5050820.667
216 II 15375 5104633.167 5050820.667
217 I 15375 5070416.502 5016604.002
218 I 15375 5043043.17 4989230.67
219 I 15375 5036199.836999999 4982387.336999999
220 II 15375 5029356.504 4975544.004
221 I 15375 5015669.838 4961857.338
222 II 15375 5008826.505 4955014.005
223 II 15375 4995139.839 4941327.339
224 II 15375 4988296.506000001 4934484.006000001
225 II 15375 4988296.506000001 4934484.006000001
226 II 15375 4981453.1729999995 4927640.6729999995
227 I 15375 4981453.1729999995 4927640.6729999995
228 I 15375 4974609.84 4920797.34
229 I 15375 4967766.506999999 4913954.006999999
230 II 15375 4967766.506999999 4913954.006999999
231 I 15375 4967766.506999999 4913954.006999999
232 II 15375 4960923.174000001 4907110.674000001
233 II 15375 4960923.174000001 4907110.674000001
234 II 15375 4947236.507999999 4893424.007999999
235 I 15375 4913019.843 4859207.343
236 I 15375 4906176.51 4852364.01
237 I 15375 4906176.51 4852364.01
238 II 15375 4899333.177 4845520.677
239 II 15375 4899333.177 4845520.677
240 II 15375 4885646.511 4831834.011
241 II 15375 4885646.511 4831834.011
242 II 15375 4878803.178 4824990.678
243 II 15375 4878803.178 4824990.678
244 II 15375 4871959.845 4818147.345
245 II 15375 4865116.512 4811304.012
246 II 15375 4858273.1790000005 4804460.6790000005
247 II 15375 4851429.846 4797617.346
248 II 15375 4851429.846 4797617.346
249 II 15375 4844586.513 4790774.013
250 I 15375 4824056.514 4770244.014
251 II 15375 4817213.181000001 4763400.681000001
252 II 15375 4810369.847999999 4756557.347999999
253 I 15375 4803526.515 4749714.015
254 II 15375 4782986.163000001 4729173.663000001
255 II 15375 4776142.83 4722330.33
256 I 15375 4776142.83 4722330.33
257 I 15375 4762456.164 4708643.664
258 I 15375 4748769.498 4694956.998
259 I 15375 4741926.165 4688113.665
260 II 15375 4735082.8319999995 4681270.3319999995
261 I 15375 4707709.5 4653897
262 II 15375 4700866.167 4647053.667
263 I 15375 4694022.833999999 4640210.333999999
264 I 15375 4694022.833999999 4640210.333999999
265 I 15375 4694022.833999999 4640210.333999999
266 I 15375 4694022.833999999 4640210.333999999
267 I 15375 4687179.501 4633367.001
268 I 15375 4673492.835 4619680.335
269 II 15375 4673492.835 4619680.335
270 I 15375 4666649.502 4612837.002
271 I 15375 4666649.502 4612837.002
272 II 15375 4666649.502 4612837.002
273 II 15375 4659806.169 4605993.669
274 I 15375 4652962.836 4599150.336
275 I 15375 4639276.17 4585463.67
276 I 15375 4639276.17 4585463.67
277 I 15375 4632432.836999999 4578620.336999999
278 II 15375 4625589.504 4571777.004
279 I 15375 4618746.171 4564933.671
280 I 15375 4611902.838 4558090.338
281 I 15375 4611902.838 4558090.338
282 I 15375 4605059.505 4551247.005
283 I 15375 4598216.171999999 4544403.671999999
284 I 15375 4591372.839 4537560.339
285 II 15375 4577686.1729999995 4523873.6729999995
286 II 15375 4563999.506999999 4510187.006999999
287 II 15375 4557156.174000001 4503343.674000001
288 I 15375 4557156.174000001 4503343.674000001
289 II 15375 4543469.507999999 4489657.007999999
290 I 15375 4536626.175 4482813.675
291 II 15375 4529782.842 4475970.342
292 I 15375 4516096.176 4462283.676
293 II 15375 4509252.843 4455440.343
294 II 15375 4509252.843 4455440.343
295 I 15375 4495566.177 4441753.677
296 II 15375 4495566.177 4441753.677
297 II 15375 4488722.844 4434910.344
298 I 15375 4481879.511 4428067.011
299 I 15375 4468192.845 4414380.345
300 II 15375 4461349.512 4407537.012
301 II 15375 4447662.846 4393850.346
302 II 15375 4420289.514 4366477.014
303 I 15375 4413446.181000001 4359633.681000001
304 II 15375 4392916.182 4339103.682
305 II 15375 4392916.182 4339103.682
306 II 15375 4392916.182 4339103.682
307 I 15375 4379229.516000001 4325417.016000001
308 II 15375 4372386.182999999 4318573.682999999
309 I 15375 4372386.182999999 4318573.682999999
310 II 15375 4345012.851 4291200.351
311 I 15375 4345012.851 4291200.351
312 II 15375 4331326.185 4277513.685
313 I 15375 4310796.186 4256983.686
314 II 15375 4310796.186 4256983.686
315 I 15375 4297109.52 4243297.02
316 I 15375 4283422.854 4229610.354
317 I 15375 4276579.521 4222767.021
318 II 15375 4276579.521 4222767.021
319 I 15375 4256049.522 4202237.022
320 II 15375 4256049.522 4202237.022
321 II 15375 4249206.189 4195393.689
322 II 15375 4221832.857 4168020.357
323 I 15375 4221832.857 4168020.357
324 II 15375 4221832.857 4168020.357
325 I 15375 4208146.191000001 4154333.6910000006
326 II 15375 4208146.191000001 4154333.6910000006
327 I 15375 4201302.857999999 4147490.357999999
328 II 15375 4187616.1920000007 4133803.6920000007
329 II 15375 4180772.8589999992 4126960.3589999992
330 I 15375 4173929.5259999996 4120117.0259999996
331 I 15375 4167086.193 4113273.693
332 II 15375 4160242.8600000003 4106430.3600000003
333 II 15375 4146556.193999999 4092743.693999999
334 II 15375 4139712.8609999996 4085900.3609999996
335 I 15375 4139712.8609999996 4085900.3609999996
336 II 15375 4139712.8609999996 4085900.3609999996
337 II 15375 4132869.528 4079057.028
338 II 15375 4132869.528 4079057.028
339 II 15375 4132869.528 4079057.028
340 I 15375 4126026.1950000003 4072213.6950000003
341 II 15375 4126026.1950000003 4072213.6950000003
342 I 15375 4112339.529 4058527.029
343 I 15375 4112339.529 4058527.029
344 I 15375 4098652.863 4044840.363
345 I 15375 4091809.5300000003 4037997.0300000003
346 II 15375 4084966.1969999997 4031153.6969999997
347 I 15375 4078122.864 4024310.364
348 I 15375 4064436.198 4010623.698
349 II 15375 4057592.865 4003780.365
350 I 15375 4050749.5319999997 3996937.0319999997
351 I 15375 4050749.5319999997 3996937.0319999997
352 I 15375 4023376.2 3969563.7
353 I 15375 4023376.2 3969563.7
354 II 15375 4002846.2009999994 3949033.7009999994
355 I 15375 4002846.2009999994 3949033.7009999994
356 II 15375 3989159.535 3935347.035
357 II 15375 3982316.2020000005 3928503.7020000005
358 I 15375 3961786.2030000007 3907973.7030000007
359 I 15375 3954942.87 3901130.37
360 II 15375 3954942.87 3901130.37
361 II 15375 3948099.5369999995 3894287.0369999995
362 II 15375 3948099.5369999995 3894287.0369999995
363 I 15375 3948099.5369999995 3894287.0369999995
364 II 15375 3948099.5369999995 3894287.0369999995
365 II 15375 3934412.8710000003 3880600.3710000003
366 II 15375 3934412.8710000003 3880600.3710000003
367 II 15375 3934412.8710000003 3880600.3710000003
368 II 15375 3927569.5380000006 3873757.0380000006
369 II 15375 3927569.5380000006 3873757.0380000006
370 I 15375 3920726.205 3866913.705
371 I 15375 3913882.8719999995 3860070.3719999995
372 I 15375 3913882.8719999995 3860070.3719999995
373 I 15375 3907039.539 3853227.039
374 I 15375 3907039.539 3853227.039
375 I 15375 3900196.2060000002 3846383.7060000002
376 I 15375 3893352.8729999997 3839540.3729999997
377 I 15375 3893352.8729999997 3839540.3729999997
378 I 15375 3893352.8729999997 3839540.3729999997
379 I 15375 3886509.54 3832697.04
380 II 15375 3872822.874 3819010.374
381 I 15375 3872822.874 3819010.374
382 II 15375 3865979.541 3812167.041
383 II 15375 3859136.208 3805323.708
384 II 15375 3852292.875 3798480.375
385 II 15375 3831762.8759999997 3777950.3759999997
386 I 15375 3811232.8770000003 3757420.3770000003
387 II 15375 3811232.8770000003 3757420.3770000003
388 II 15375 3811232.8770000003 3757420.3770000003
389 I 15375 3804389.544 3750577.044
390 I 15375 3804389.544 3750577.044
391 II 15375 3797546.2109999997 3743733.7109999997
392 II 15375 3790702.8780000005 3736890.3780000005
393 I 15375 3790702.8780000005 3736890.3780000005
394 I 15375 3790702.8780000005 3736890.3780000005
395 I 15375 3790702.8780000005 3736890.3780000005
396 II 15375 3777016.212 3723203.712
397 I 15375 3777016.212 3723203.712
398 II 15375 3770172.879 3716360.379
399 I 15375 3756486.2130000005 3702673.7130000005
400 I 15375 3756486.2130000005 3702673.7130000005
401 I 15375 3756486.2130000005 3702673.7130000005
402 II 15375 3749642.88 3695830.38
403 II 15375 3749642.88 3695830.38
404 II 15375 3735956.214 3682143.714
405 II 15375 3729112.8809999996 3675300.3809999996
406 I 15375 3722269.5479999995 3668457.0479999995
407 I 15375 3715426.215 3661613.715
408 I 15375 3715426.215 3661613.715
409 II 15375 3688052.8830000004 3634240.3830000004
410 I 15375 3681209.55 3627397.05
411 II 15375 3674366.2169999997 3620553.7169999997
412 I 15375 3660679.551 3606867.051
413 II 15375 3660679.551 3606867.051
414 I 15375 3640139.199 3586326.699
415 II 15375 3633295.866 3579483.366
416 I 15375 3633295.866 3579483.366
417 I 15375 3626452.5330000003 3572640.0330000003
418 II 15375 3626452.5330000003 3572640.0330000003
419 I 15375 3626452.5330000003 3572640.0330000003
420 I 15375 3619609.2 3565796.7
421 II 15375 3619609.2 3565796.7
422 I 15375 3619609.2 3565796.7
423 I 15375 3612765.8669999996 3558953.3669999996
424 II 15375 3605922.534 3552110.034
425 II 15375 3599079.201 3545266.701
426 I 15375 3592235.8680000002 3538423.3680000002
427 II 15375 3592235.8680000002 3538423.3680000002
428 II 15375 3585392.535 3531580.035
429 I 15375 3585392.535 3531580.035
430 I 15375 3578549.2020000005 3524736.7020000005
431 I 15375 3578549.2020000005 3524736.7020000005
432 I 15375 3578549.2020000005 3524736.7020000005
433 I 15375 3571705.869 3517893.369
434 II 15375 3571705.869 3517893.369
435 I 15375 3564862.536 3511050.036
436 I 15375 3558019.203 3504206.703
437 II 15375 3558019.203 3504206.703
438 II 15375 3551175.87 3497363.37
439 I 15375 3544332.5369999995 3490520.0369999995
440 I 15375 3537489.204 3483676.704
441 I 15375 3523802.538 3469990.038
442 II 15375 3523802.538 3469990.038
443 I 15375 3503272.5390000003 3449460.0390000003
444 II 15375 3496429.206 3442616.706
445 II 15375 3496429.206 3442616.706
446 I 15375 3489585.8729999997 3435773.3729999997
447 II 15375 3482742.54 3428930.04
448 II 15375 3475899.2069999995 3422086.7069999995
449 II 15375 3475899.2069999995 3422086.7069999995
450 II 15375 3469055.8740000003 3415243.3740000003
451 I 15375 3469055.8740000003 3415243.3740000003
452 I 15375 3462212.5409999997 3408400.0409999997
453 I 15375 3462212.5409999997 3408400.0409999997
454 II 15375 3462212.5409999997 3408400.0409999997
455 I 15375 3462212.5409999997 3408400.0409999997
456 I 15375 3462212.5409999997 3408400.0409999997
457 II 15375 3462212.5409999997 3408400.0409999997
458 I 15375 3462212.5409999997 3408400.0409999997
459 I 15375 3455369.208 3401556.708
460 I 15375 3441682.5419999994 3387870.0419999994
461 II 15375 3427995.8759999997 3374183.3759999997
462 I 15375 3427995.8759999997 3374183.3759999997
463 II 15375 3427995.8759999997 3374183.3759999997
464 II 15375 3414309.21 3360496.71
465 II 15375 3414309.21 3360496.71
466 I 15375 3414309.21 3360496.71
467 I 15375 3400622.544 3346810.044
468 II 15375 3400622.544 3346810.044
469 II 15375 3400622.544 3346810.044
470 II 15375 3400622.544 3346810.044
471 I 15375 3386935.8780000005 3333123.3780000005
472 II 15375 3386935.8780000005 3333123.3780000005
473 II 15375 3386935.8780000005 3333123.3780000005
474 II 15375 3380092.545 3326280.045
475 I 15375 3380092.545 3326280.045
476 I 15375 3380092.545 3326280.045
477 II 15375 3380092.545 3326280.045
478 I 15375 3373249.212 3319436.712
479 II 15375 3366405.879 3312593.379
480 I 15375 3366405.879 3312593.379
481 I 15375 3359562.5459999996 3305750.0459999996
482 II 15375 3359562.5459999996 3305750.0459999996
483 II 15375 3359562.5459999996 3305750.0459999996
484 I 15375 3352719.2130000005 3298906.7130000005
485 I 15375 3352719.2130000005 3298906.7130000005
486 I 15375 3345875.88 3292063.38
487 I 15375 3345875.88 3292063.38
488 II 15375 3332189.214 3278376.714
489 I 15375 3325345.881 3271533.381
490 II 15375 3318502.548 3264690.048
491 I 15375 3311659.215 3257846.715
492 I 15375 3304815.882 3251003.382
493 I 15375 3297972.5489999996 3244160.0489999996
494 II 15375 3297972.5489999996 3244160.0489999996
495 I 15375 3291129.216 3237316.716
496 II 15375 3284285.8830000004 3230473.3830000004
497 I 15375 3277442.55 3223630.05
498 I 15375 3277442.55 3223630.05
499 II 15375 3270599.2169999997 3216786.7169999997
500 I 15375 3270599.2169999997 3216786.7169999997
